200
3
355
450
291
157
230
39
1733050
255
39
1903120
280
39
2153120
305
39
2403120
330
39
2653120
355
39
2903120
228
64
1653370
253
64
1903370
278
64
2153370
303
64
2403370
328
64
2653370
353
64
2903370
228
89
1653620
253
89
1903620
278
89
2233550
303
89
2403620
328
89
2653620
353
89
2923610
228
114
1653870
253
114
1903870
278
114
2153870
303
114
2403870
328
114
2753780
353
114
2903870
228
139
1734050
253
139
1904121
278
139
2154120
303
139
2404120
328
139
2654120
353
139
2904120
228
164
1654370
253
164
1904371
278
164
2154370
303
164
2404370
328
164
2654370
353
164
2904370
